This program prints the value of summation((-1)^(n+1)/n) for all n from 1 to 500
0.5
0.833333
0.583333
0.783333
0.616667
0.759524
0.634524
0.745635
0.645635
0.736544
0.653211
0.730134
0.658705
0.725372
0.662872
0.721695
0.66614
0.718771
0.668771
0.71639
0.670936
0.714414
0.672747
0.712747
0.674286
0.711323
0.675609
0.710091
0.676758
0.709016
0.677766
0.708069
0.678657
0.707229
0.679451
0.706478
0.680162
0.705803
0.680803
0.705194
0.681384
0.70464
0.681913
0.704135
0.682396
0.703672
0.682839
0.703247
0.683247
0.702855
0.683624
0.702492
0.683974
0.702155
0.684298
0.701842
0.684601
0.70155
0.684883
0.701277
0.685148
0.701021
0.685396
0.70078
0.685629
0.700554
0.685848
0.700341
0.686055
0.70014
0.686251
0.69995
0.686436
0.699769
0.686612
0.699599
0.686778
0.699436
0.686936
0.699282
0.687087
0.699135
0.68723
0.698995
0.687367
0.698861
0.687498
0.698734
0.687622
0.698611
0.687742
0.698495
0.687856
0.698383
0.687966
0.698275
0.688071
0.698172
0.688172
0.698073
0.688269
0.697978
0.688363
0.697886
0.688452
0.697798
0.688539
0.697713
0.688622
0.697631
0.688703
0.697552
0.68878
0.697476
0.688855
0.697402
0.688928
0.697331
0.688998
0.697262
0.689066
0.697196
0.689131
0.697131
0.689195
0.697069
0.689256
0.697008
0.689316
0.696949
0.689374
0.696892
0.68943
0.696837
0.689484
0.696783
0.689537
0.696731
0.689589
0.696681
0.689638
0.696631
0.689687
0.696584
0.689734
0.696537
0.68978
0.696492
0.689825
0.696447
0.689869
0.696404
0.689911
0.696363
0.689952
0.696322
0.689993
0.696282
0.690032
0.696243
0.69007
0.696205
0.690108
0.696168
0.690144
0.696132
0.69018
0.696097
0.690215
0.696063
0.690249
0.696029
0.690282
0.695996
0.690314
0.695964
0.690346
0.695933
0.690377
0.695902
0.690407
0.695872
0.690437
0.695843
0.690466
0.695814
0.690495
0.695786
0.690523
0.695758
0.69055
0.695731
0.690577
0.695705
0.690603
0.695679
0.690628
0.695653
0.690653
0.695629
0.690678
0.695604
0.690702
0.69558
0.690726
0.695557
0.690749
0.695534
0.690772
0.695511
0.690794
0.695489
0.690816
0.695467
0.690838
0.695446
0.690859
0.695425
0.69088
0.695405
0.6909
0.695384
0.69092
0.695364
0.69094
0.695345
0.690959
0.695326
0.690978
0.695307
0.690997
0.695288
0.691015
0.69527
0.691033
0.695252
0.691051
0.695235
0.691068
0.695218
0.691085
0.695201
0.691102
0.695184
0.691119
0.695167
0.691135
0.695151
0.691151
0.695135
0.691167
0.69512
0.691183
0.695104
0.691198
0.695089
0.691213
0.695074
0.691228
0.695059
0.691242
0.695045
0.691257
0.69503
0.691271
0.695016
0.691285
0.695002
0.691299
0.694989
0.691312
0.694975
0.691326
0.694962
0.691339
0.694949
0.691352
0.694936
0.691365
0.694923
0.691377
0.694911
0.69139
0.694898
0.691402
0.694886
0.691414
0.694874
0.691426
0.694862
0.691438
0.694851
0.691449
0.694839
0.691461
0.694828
0.691472
0.694817
0.691483
0.694806
0.691494
0.694795
0.691505
0.694784
0.691516
0.694773
0.691526
0.694763
0.691537
0.694752
0.691547
0.694742
0.691557
0.694732
0.691567
0.694722
0.691577
0.694712
0.691587
0.694702
0.691597
0.694693
0.691606
0.694683
0.691616
0.694674
0.691625
0.694665
0.691634
0.694655
0.691643
0.694646
0.691652
0.694637
0.691661
0.694629
0.69167
0.69462
0.691679
0.694611
0.691687
0.694603
0.691696
0.694594
0.691704
0.694586
0.691712
0.694578
0.691721
0.69457
0.691729
0.694562
0.691737
0.694554
0.691745
0.694546
0.691752
0.694538
0.69176
0.69453
0.691768
0.694523
0.691775
0.694515
0.691783
0.694508
0.69179
0.6945
0.691798
0.694493
0.691805
0.694486
0.691812
0.694479
0.691819
0.694472
0.691826
0.694465
0.691833
0.694458
0.69184
0.694451
0.691847
0.694444
0.691854
0.694438
0.69186
0.694431
0.691867
0.694424
0.691873
0.694418
0.69188
0.694411
0.691886
0.694405
0.691892
0.694399
0.691899
0.694393
0.691905
0.694386
0.691911
0.69438
0.691917
0.694374
0.691923
0.694368
0.691929
0.694362
0.691935
0.694356
0.691941
0.694351
0.691947
0.694345
0.691952
0.694339
0.691958
0.694333
0.691964
0.694328
0.691969
0.694322
0.691975
0.694317
0.69198
0.694311
0.691986
0.694306
0.691991
0.694301
0.691996
0.694295
0.692002
0.69429
0.692007
0.694285
0.692012
0.69428
0.692017
0.694275
0.692022
0.69427
0.692027
0.694264
0.692032
0.69426
0.692037
0.694255
0.692042
0.69425
0.692047
0.694245
0.692052
0.69424
0.692057
0.694235
0.692061
0.694231
0.692066
0.694226
0.692071
0.694221
0.692075
0.694217
0.69208
0.694212
0.692084
0.694208
0.692089
0.694203
0.692093
0.694199
0.692098
0.694194
0.692102
0.69419
0.692107
0.694186
0.692111
0.694181
0.692115
0.694177
0.692119
0.694173
0.692124
0.694169
0.692128
0.694164
0.692132
0.69416
0.692136
0.694156
0.69214
0.694152
0.692144
0.694148
0.692148
0.694144
