This program calculates 1 + summation(1/(2n)(4n+1)(4n-1)
1.03333
1.0373
1.03847
1.03896
1.03921
1.03935
1.03944
1.03951
1.03955
1.03958
1.0396
1.03962
1.03964
1.03965
1.03966
1.03966
1.03967
1.03968
1.03968
1.03968
1.03969
1.03969
1.03969
1.03969
1.0397
1.0397
1.0397
1.0397
1.0397
1.0397
1.03971
1.03971
1.03971
1.03971
1.03971
1.03971
1.03971
1.03971
1.03971
1.03971
1.03971
1.03971
1.03971
1.03971
1.03971
1.03971
1.03971
1.03971
1.03971
1.03971
1.03971
1.03972
1.03972
1.03972
1.03972
1.03972
1.03972
1.03972
1.03972
1.03972
1.03972
1.03972
1.03972
1.03972
1.03972
1.03972
1.03972
1.03972
1.03972
1.03972
1.03972
1.03972
1.03972
1.03972
1.03972
1.03972
1.03972
1.03972
1.03972
1.03972
1.03972
1.03972
1.03972
1.03972
1.03972
1.03972
1.03972
1.03972
1.03972
1.03972
1.03972
1.03972
1.03972
1.03972
1.03972
1.03972
1.03972
1.03972
1.03972
1.03972
1.03972
1.03972
1.03972
1.03972
1.03972
1.03972
1.03972
1.03972
1.03972
1.03972
1.03972
1.03972
1.03972
1.03972
1.03972
1.03972
1.03972
1.03972
1.03972
1.03972
1.03972
1.03972
1.03972
1.03972
1.03972
1.03972
1.03972
1.03972
1.03972
1.03972
1.03972
1.03972
1.03972
1.03972
1.03972
1.03972
1.03972
1.03972
1.03972
1.03972
1.03972
1.03972
1.03972
1.03972
1.03972
1.03972
1.03972
1.03972
1.03972
1.03972
1.03972
1.03972
1.03972
1.03972
1.03972
1.03972
1.03972
1.03972
1.03972
1.03972
1.03972
1.03972
1.03972
1.03972
1.03972
1.03972
1.03972
1.03972
1.03972
1.03972
1.03972
1.03972
1.03972
1.03972
1.03972
1.03972
1.03972
1.03972
1.03972
1.03972
1.03972
1.03972
1.03972
1.03972
1.03972
1.03972
1.03972
1.03972
1.03972
1.03972
1.03972
1.03972
1.03972
1.03972
1.03972
1.03972
1.03972
1.03972
1.03972
1.03972
1.03972
1.03972
1.03972
1.03972
1.03972
1.03972
1.03972
1.03972
1.03972
1.03972
1.03972
1.03972
1.03972
1.03972
1.03972
1.03972
1.03972
1.03972
1.03972
1.03972
1.03972
1.03972
1.03972
1.03972
1.03972
1.03972
1.03972
1.03972
1.03972
1.03972
1.03972
1.03972
1.03972
1.03972
1.03972
1.03972
1.03972
1.03972
1.03972
1.03972
1.03972
1.03972
1.03972
1.03972
1.03972
1.03972
1.03972
1.03972
1.03972
1.03972
1.03972
1.03972
1.03972
1.03972
1.03972
1.03972
1.03972
1.03972
1.03972
1.03972
1.03972
1.03972
1.03972
1.03972
1.03972
1.03972
1.03972
1.03972
1.03972
1.03972
1.03972
1.03972
1.03972
1.03972
1.03972
1.03972
1.03972
1.03972
1.03972
1.03972
1.03972
1.03972
1.03972
1.03972
1.03972
1.03972
1.03972
1.03972
1.03972
1.03972
1.03972
1.03972
1.03972
1.03972
1.03972
1.03972
1.03972
1.03972
1.03972
1.03972
1.03972
1.03972
1.03972
1.03972
1.03972
1.03972
1.03972
1.03972
1.03972
1.03972
1.03972
1.03972
1.03972
1.03972
1.03972
1.03972
1.03972
1.03972
1.03972
1.03972
1.03972
1.03972
1.03972
1.03972
1.03972
1.03972
1.03972
1.03972
1.03972
1.03972
1.03972
1.03972
1.03972
1.03972
1.03972
1.03972
1.03972
1.03972
1.03972
1.03972
1.03972
1.03972
1.03972
1.03972
1.03972
1.03972
1.03972
1.03972
1.03972
1.03972
1.03972
1.03972
1.03972
1.03972
1.03972
1.03972
1.03972
1.03972
1.03972
1.03972
1.03972
1.03972
1.03972
1.03972
1.03972
1.03972
1.03972
1.03972
1.03972
1.03972
1.03972
1.03972
1.03972
1.03972
1.03972
1.03972
1.03972
1.03972
1.03972
1.03972
1.03972
1.03972
1.03972
1.03972
1.03972
1.03972
1.03972
1.03972
1.03972
1.03972
1.03972
1.03972
1.03972
1.03972
1.03972
1.03972
1.03972
1.03972
1.03972
1.03972
1.03972
1.03972
1.03972
1.03972
1.03972
1.03972
1.03972
1.03972
1.03972
1.03972
1.03972
1.03972
1.03972
1.03972
1.03972
1.03972
1.03972
1.03972
1.03972
1.03972
1.03972
1.03972
1.03972
1.03972
1.03972
1.03972
1.03972
1.03972
1.03972
1.03972
1.03972
1.03972
1.03972
1.03972
1.03972
1.03972
1.03972
1.03972
1.03972
1.03972
1.03972
1.03972
1.03972
1.03972
1.03972
1.03972
1.03972
1.03972
1.03972
1.03972
1.03972
1.03972
1.03972
1.03972
1.03972
1.03972
1.03972
1.03972
1.03972
1.03972
1.03972
1.03972
1.03972
1.03972
1.03972
1.03972
1.03972
1.03972
1.03972
1.03972
1.03972
1.03972
1.03972
1.03972
1.03972
1.03972
1.03972
1.03972
1.03972
1.03972
1.03972
1.03972
1.03972
1.03972
1.03972
1.03972
1.03972
1.03972
1.03972
1.03972
1.03972
1.03972
1.03972
1.03972
1.03972
1.03972
1.03972
1.03972
1.03972
1.03972
